0.1473256903785015
0.003972888810100315
0.0008346097028934076
0.021974533879444258
0.09715324038730476
0.0021401308865224814
0.001105150378873569
0.00028822345127247126
0.014410028342037796
0.01045751227019599
0.0012861335797953795
0.16472059781177564
0.16565612565726937
0.007514424090151803
0.0006787765031666326
0.0004020245927869877
0.00032653425740638843
0.005268217779281424
0.0047946302038470385
0.009700393108769552
0.18933434509364103
0.000510447518203942
0.001728904741698852
0.015741037204005683
0.005898352003430881
0.0006899678815645464
0.01300589698234974
0.0013511732770121064
0.001763797992296438
0.13429892363194926
0.00397785147591894
0.06634093949836334
0.0066835928366778905
0.0033722732803623434
0.0006730277084598594
0.0023268267481336567
0.15034975467146938
0.013608445294863223
0.001632548639020412
0.0035965108899006135
0.001122135786129232
0.00034663803251006926
0.004231492080878133
0.38620981860881654
0.004147581964624075
0.0027846336888324246
0.001705907900150457
0.0032494132176911507
0.0003389628630094142
0.008568879120991524
0.0030773843412503265
0.0008202515795458156
0.2665674330809333
0.00030162228464814314
0.002951568051468753
0.0020947099249114484
0.001382944679990758
0.00029712440436439305
0.43599196960817554
0.5568387406061304
0.015886065890131595
0.00186252787773514
0.0007904091351593587
0.00023475509686546808
0.39185807418479185
0.008667403982696152
0.004550520095858353
0.0006025580606342255
0.003372046844688844
0.0012494972041815697
0.183754201612271
0.012693913095953554
0.0025902440185180254
0.03721188909210026
0.00334428975704608
0.001969636816303108
0.000865321316920328
0.19157677552878213
0.02880179660870273
0.21143159759059219
0.0009053186929667682
0.0005708266434810879
0.0015010329147258255
0.0004491961412635795
0.09685987548150149
0.00028393192349576035
0.004264605987146725
0.000935911339023267
0.002972472323921331
0.00024254029873533667
0.0005771948955226099
0.02155538686976402
0.05696708940122355
0.0004444720738132893
0.001565596863352395
0.05302039847088516
0.40184613629553917
0.0020726329191672077
0.027841536883870917
0.5936591701224058
1.0
1.0
1.0
1.0
0.3445325508837351
1.0
0.9999999999996705
0.9999999995985003
1.0
1.0
1.0
0.9999999899806621
0.9974352013888796
1.0
1.0
1.0
1.0
0.5637841827954649
1.0
0.9999999992204252
1.0
0.8772958314113002
0.9957391067758973
0.9999975864059992
0.9911575418487333
0.9947632741582615
0.9461278467284722
0.9999999783875542
1.0
0.9999999999986315
0.9994876942114022
1.0
0.9998489359484155
1.0
0.9999941676898721
0.9999692605783373
0.9739864715067039
0.9999930565524925
0.9984258465577353
1.0
0.9995872779689418
1.0
1.0
1.0
0.9999063640765349
0.9593149514877503
0.9999999999999851
0.9999972834179058
0.9999999999999969
0.8550615018648996
1.0
0.9999999903432192
0.8880385778172353
0.9999999999917157
0.9999986221681082
1.0
1.0
0.9999995878794565
1.0
0.9999864194152378
0.9998345149553873
0.9714290924652283
0.9999089060123806
0.9999999980248448
0.9999999999999996
0.9999953581210784
1.0
0.999999030922292
0.9999999995124351
0.9942071605833448
0.9998896340060747
0.991256145032596
0.9861815862982289
0.9999999990864954
0.9882980537596653
0.999731151903644
0.9999999999999998
0.9955282140916963
0.993159913995928
1.0
0.9998828252069737
0.9987361984128876
1.0
0.9999295369070226
0.999998008007977
0.9772003121048596
0.9686822996272526
0.9999999999999996
1.0
0.9999999999950913
1.0
0.9977366348523244
0.9999999999999059
1.0
0.9701772967936912
0.9999999999999201
1.0
0.9989622313615826
0.9111476145153583
1.0